1001 arjithmishra 9817263546 0
1002 ninagilbert 8273417046 0
1003 sambarkhanna 9137265207 1003
1004 priyankajoshi 8027537183 0
1005 milesrathod 8127635409 4002
1006 hailyliam 7362940531 0
1007 vriddhipatel 9273842450 4003
1008 sarahjackson 8723456710 0
1009 thomaspaul 9173540384 2003
1010 yashbhanushali 9812763540 0
1011 preethamgill 8216733450 0
1012 nikhiltate 9182736451 3003
1013 shamanthsavitri 8921783265 5002
1014 stevesalvatore 7382910457 0
1015 sundarshivam 9527348561 0
1016 kritisingh 9826354728 0
1018 nityashrees 9900193582 0
